person 0.9998 618 231 772 592
person 0.9997 795 200 928 588
person 0.9992 404 231 540 615
person 0.9970 241 240 290 410
person 0.9796 335 254 386 449
person 0.9207 158 214 245 483
person 0.6014 521 244 593 433
person 0.5639 113 247 148 345
person 0.0440 305 251 331 308
person 0.0184 -2 203 108 627
person 0.0170 288 261 312 319
person 0.0051 324 265 368 444
person 0.0038 382 249 414 340
person 0.0021 389 261 429 408
person 0.0019 254 245 307 378
person 0.0012 144 272 276 400
person 0.0011 0 211 60 669
